1169
347
1170
449
1174
140
1147
1178
1179
1372
537
1167
1391
1168
1418
945
1176
980
1171
1175
1184
1212
1597
1544
1137
1172
946
1383
943
1177
568
1180
1166
1182
112
948
1057
526
306
319
1173
1181
1564
1297
952
951
1187
944
883
1183
1526
364
349
931
1565
579
1477
928
1568
727
1136
1223
938
1018
205
935
677
931
801
1173
949
1570
50
1343
937
1567
1128
1571
437
1566
1371
754
1505
1371
1127
437
939
262
829
929
1189
1298
1214
377
1185
1320
357
1037
1603
1130
924
911
1134
896
913
1025
1142
947
918
886
1572
1454
1383
1628
451
934
926
1085
930
942
1477
1124
122
1215
230
494
1478
923
1141
1569
932
1186
435
933
1346
927
1539
1540
1534
1576
1209
1209
1443
421
197
1493
1140
914
1114
1078
940
610
925
1129
1217
1095
910
1195
1599
579
1138
1628
95
1165
1135
1573
151
908
1133
1210
1209
868
709
1210
1126
1204
1204
1144
1584
1530
225
1530
149
1450
905
1188
141
1161
1264
1536
1537
1574
375
922
1216
1582
905
1008
50
1618
1618
1008
1490
675
1323
1372
1194
1583
887
1528
929
1385
147
319
1193
199
1129
1143
116
1221
936
1454
1192
877
1207
1604
1198
1579
1529
1127
898
1562
1562
1562
1605
1284
920
1447
890
897
40
1008
1507
1577
1602
1600
658
1601
1048
1606
1599
1169
1519
1213
1614
1613
3
1510
757
892
1039
868
352
1197
1208
1466
358
1607
709
435
435
1621
877
1616
1608
1605
1132
1423
1423
1423
1563
1540
281
1474
586
1507
1450
1508
1139
1209
670
1209
1535
1512
1388
1512
912
483
1160
1509
1509
445
1620
1219
1219
921
1619
1371
1149
1431
1125
1560
334
296
1514
391
1184
1184
1467
1467
22
458
376
22
1424
534
1424
1424
715
712
1211
1575
1559
1124
1201
950
1609
534
533
1050
1122
1032
388
943
1158
1538
1602
1525
1204
1540
1511
1511
85
85
1615
487
1615
1346
1346
821
1108
1320
1057
1519
1272
906
1468
1163
863
1604
1599
903
1158
267
681
689
1465
1263
1211
1465
759
843
1320
687
636
1465
1190
1392
1513
590
1577
309
590
1543
1542
508
1633
502
1633
1633
1473
1239
1473
187
1263
1374
1271
1633
1194
1610
788
912
782
327
445
